1 888.061 876.914
2 436.217 884.135
4 382.139 1005.61
8 252.817 1079.55
16 338.12 1096.07
32 165.842 1152.5
1 881.992 926.268
2 566.227 923.681
4 299.756 950.589
8 378.146 1043.06
16 416.728 2653.88
32 189.609 1096.59
1 828.238 835.46
2 418.367 851.444
4 306.299 925.714
8 236.06 929.467
16 193.601 989.472
32 139.417 1070.69
1 835.626 839.437
2 430.053 853.318
4 277.764 914.893
8 209.02 935.127
16 265.19 1007.56
32 172.02 1143.99
1 829.866 834.707
2 439.499 816.141
4 376.517 901.83
8 262.704 952.83
16 258.887 977.383
32 177.01 1073.97
1 824.031 834.385
2 455.237 830.33
4 309.104 922.893
8 237.207 947.725
16 202.766 974.784
32 179.705 1154.13
1 873.069 834.51
2 478.433 844.735
4 227.373 897.691
8 230.782 933.128
16 207.223 980.423
32 164.375 1100.92
1 831.157 842.28
2 471.248 924.363
4 268.227 904.639
8 231.143 950.488
16 188.05 988.824
32 92.6166 1072.65
1 833.414 859.208
2 434.716 840.422
4 385.015 1066.44
8 235.564 989.773
16 223.332 1576.18
32 125.839 1210.12
1 1578.95 933.555
2 429.34 912.787
4 334.298 956.712
8 231.089 972.269
16 247.112 1016.43
32 212.572 1272.22
