1 821.318 916.978
2 447.36 904.885
4 284.627 1052.55
8 249.74 984.261
16 258.004 1069.09
32 281.394 1174.96
1 824.075 824.865
2 416.465 834.055
4 303.109 941.813
8 234.017 973.637
16 198.894 1117.53
32 316.799 1164.82
1 835.358 826.246
2 548.94 858.079
4 286.439 958.511
8 259.055 977.257
16 196.302 1034.97
32 172.548 1217
1 836.989 859.327
2 495.951 882.737
4 275.317 948.302
8 222.714 991.153
16 263.047 1052.62
32 178.222 1225.35
1 843.707 863.454
2 434.074 861.697
4 259.096 933.929
8 261.554 967.779
16 115.334 1060.75
32 235.368 1175.97
1 822.688 824.496
2 482.068 856.195
4 255.254 932.391
8 234.237 999.369
16 102.025 1058.08
32 145.053 1075.11
1 851.528 844.611
2 436.987 874.196
4 291.254 940.815
8 252.826 1021.37
16 141.727 1075.45
32 356.779 1176.75
1 841.05 850.483
2 434.658 873.277
4 258.72 951.227
8 259.828 1018.01
16 261.226 1024.68
32 269.786 1612.43
1 919.552 972.482
2 469.277 957.203
4 340.826 1047.95
8 246.523 1041.85
16 117.975 1180.54
32 266.094 1389.57
1 883.595 881.43
2 427.706 874.661
4 298.614 1018.17
8 276.439 951.235
16 264.935 1008.5
32 234.037 1103.84
